<?xml version="1.0" encoding="UTF-8" standalone="no"?>
<!DOCTYPE svg PUBLIC "-//W3C//DTD SVG 20010904//EN"
              "http://www.w3.org/TR/2001/REC-SVG-20010904/DTD/svg10.dtd">

<svg xmlns="http://www.w3.org/2000/svg"
     width="0.222222in" height="0.222222in"
     viewBox="0 0 20 20">
  <path id="Imported Path"
        fill="none" stroke="black" stroke-width="1"
        d="M 10.49,13.88
           C 10.49,13.88 7.77,10.32 7.77,10.32
             7.77,10.32 10.16,7.21 10.16,7.21
             10.16,7.21 7.82,7.21 7.82,7.21
             7.82,7.21 6.68,8.90 6.68,8.90
             6.68,8.90 5.61,7.21 5.61,7.21
             5.61,7.21 3.30,7.21 3.30,7.21
             3.30,7.21 5.59,10.32 5.59,10.32
             5.59,10.32 2.76,13.88 2.76,13.88
             2.76,13.88 5.04,13.88 5.04,13.88
             5.04,13.88 6.67,11.69 6.67,11.69
             6.67,11.69 8.22,13.88 8.22,13.88
             8.22,13.88 10.49,13.88 10.49,13.88M 13.48,16.92
           C 13.48,16.92 13.48,4.05 13.48,4.05
             13.48,4.05 0.00,4.05 0.00,4.05
             0.00,4.05 0.00,16.92 0.00,16.92
             0.00,16.92 13.48,16.92 13.48,16.92M 1.30,5.34
           C 1.30,5.34 12.18,5.34 12.18,5.34
             12.18,5.34 12.18,15.63 12.18,15.63
             12.18,15.63 1.30,15.63 1.30,15.63M 19.14,5.00
           C 19.14,5.00 19.97,5.98 19.97,5.98
             19.97,5.98 19.97,17.76 19.97,17.76
             19.97,18.91 19.04,19.85 17.88,19.85
             17.88,19.85 6.00,19.85 6.00,19.85
             4.95,19.85 4.09,18.82 4.09,17.54
             4.09,17.54 4.09,16.27 4.09,16.27
             4.09,16.27 5.39,16.27 5.39,16.27
             5.39,16.27 5.39,17.12 5.39,17.12
             5.39,17.84 5.87,18.42 6.46,18.42
             6.46,18.42 17.51,18.42 17.51,18.42
             18.15,18.42 18.68,17.90 18.68,17.25
             18.68,17.25 18.80,7.20 18.80,7.20
             18.80,7.20 16.26,7.20 16.26,7.20
             14.96,7.20 13.91,6.15 13.91,4.85
             13.91,4.85 13.91,1.36 13.91,1.36
             13.91,1.36 6.55,1.37 6.55,1.37
             5.90,1.37 5.38,1.90 5.38,2.55
             5.38,2.55 5.38,4.69 5.38,4.69
             5.38,4.69 4.09,4.69 4.09,4.69
             4.09,4.69 4.09,2.04 4.09,2.04
             4.09,0.88 5.02,-0.05 6.17,-0.05
             6.17,-0.05 14.78,-0.05 14.78,-0.05
             14.78,-0.05 15.50,0.78 15.50,0.78
             15.50,0.78 19.14,5.00 19.14,5.00" />
</svg>
